#http://www.kemet.com/kemet/web/homepage/kechome.nsf/vapubfiles/KEM_TC101_STD.pdf/$file/KEM_TC101_STD.pdf
#
#Rated Voltage VDC
#Rated Cap uF
#Case Code/Case Size
#KEMET Part Number
#DC Leakage max/5min
#DF %Max
#ESR Ohms
#Maximum Allowable Ripple Current mA
#Moisture Sensitivity J-STD-020D
2.5 100 T/3528-12 T491T107(1)2R5AT 2.5 24.0 3.9 134 121 54 1
2.5 220 D/7343-31 T491D227(1)2R5AT 5.5 8.0 0.3 707 636 283 1
3 33 A/3216-18 T491A336(1)003AT 1.0 6.0 4.0 137 123 55 1
4 3.3 A/3216-18 T491A335(1)004AT 0.1 6.0 8.0 97 87 39 1
4 4.7 A/3216-18 T491A475(1)004AT 0.2 6.0 8.0 97 87 39 1
4 6.8 A/3216-18 T491A685(1)004AT 0.3 6.0 6.0 112 101 45 1
4 6.8 S/3216-12 T491S685(1)004AT 0.3 6.0 15.0 63 57 25 1
4 10 B/3528-21 T491B106(1)004AT 0.4 6.0 3.5 156 140 62 1
4 10 A/3216-18 T491A106(1)004AT 0.4 6.0 6.0 112 101 45 1
4 10 S/3216-12 T491S106(1)004AT 0.4 6.0 15.0 63 57 25 1
4 10 R/2012-12 T491R106(1)004AT 0.4 8.0 10.0 50 45 20 1
4 15 B/3528-21 T491B156(1)004AT 0.6 6.0 3.5 156 140 62 1
4 15 A/3216-18 T491A156(1)004AT 0.6 6.0 4.0 137 123 55 1
4 15 T/3528-12 T491T156(1)004AT 0.6 6.0 5.0 118 106 47 1
4 15 S/3216-12 T491S156(1)004AT 0.6 10.0 15.0 63 57 25 1
4 22 C/6032-28 T491C226(1)004AT 0.9 6.0 1.8 247 222 99 1
4 22 B/3528-21 T491B226(1)004AT 0.9 6.0 3.5 156 140 62 1
4 22 A/3216-18 T491A226(1)004AT 0.9 6.0 4.0 137 123 55 1
4 22 T/3528-12 T491T226(1)004AT 0.9 6.0 5.0 118 106 47 1
4 22 S/3216-12 T491S226(1)004AT 0.9 10.0 10.0 77 69 31 1
4 33 C/6032-28 T491C336(1)004AT 1.3 6.0 1.8 247 222 99 1
4 33 U/6032-15 T491U336(1)004AT 1.3 6.0 1.8 224 202 90 1
4 33 B/3528-21 T491B336(1)004AT 1.3 6.0 3.5 156 140 62 1
4 33 A/3216-18 T491A336(1)004AT 1.3 6.0 4.0 137 123 55 1
4 33 T/3528-12 T491T336(1)004AT 1.3 8.0 5.0 118 106 47 1
4 47 C/6032-28 T491C476(1)004AT 1.9 6.0 1.8 247 222 99 1
4 47 U/6032-15 T491U476(1)004AT 1.9 6.0 1.8 224 202 90 1
4 47 B/3528-21 T491B476(1)004AT 1.9 6.0 3.0 168 151 67 1
4 47 A/3216-18 T491A476(M)004AT 1.9 12.0 2.5 173 156 69 1
4 47 T/3528-12 T491T476(M)004AT 1.9 12.0 6.0 108 97 43 1
4 68 D/7343-31 T491D686(1)004AT 2.7 6.0 0.8 433 390 173 1
4 68 C/6032-28 T491C686(1)004AT 2.7 6.0 1.6 262 236 105 1
4 68 U/6032-15 T491U686(1)004AT 2.7 6.0 1.8 224 202 90 1
4 68 B/3528-21 T491B686(1)004AT 2.7 6.0 3.5 156 140 62 1
4 68 A/3216-18 T491A686(1)004AT 2.7 30.0 4.0 137 123 55 1
4 100 D/7343-31 T491D107(1)004AT 4.0 8.0 0.8 433 390 173 1
4 100 C/6032-28 T491C107(1)004AT 4.0 8.0 1.2 303 273 121 1
4 100 U/6032-15 T491U107(1)004AT 4.0 10.0 1.8 224 202 90 1
4 100 B/3528-21 T491B107(M)004AT 4.0 8.0 0.9 307 276 123 1
4 100 A/3216-18 T491A107(M)004AT 4.0 30.0 4.0 137 123 55 1
4 100 T/3528-12 T491T107(M)004AT 4.0 30.0 5.0 118 106 47 1
4 150 D/7343-31 T491D157(1)004AT 6.0 8.0 0.8 433 390 173 1
4 150 U/6032-15 T491U157(1)004AT 6.0 8.0 1.3 263 237 105 1
4 150 V/7343-20 T491V157(1)004AT 6.0 8.0 0.7 423 381 169 1
4 150 C/6032-28 T491C157(1)004AT 6.0 8.0 1.2 303 273 121 1
4 150 B/3528-21 T491B157(M)004AT 6.0 12.0 2.0 206 185 82 1
4 220 V/7343-20 T491V227(1)004AT 8.8 8.0 0.7 423 381 169 1
4 220 B/3528-21 T491B227(M)004AT 8.8 18.0 0.5 412 371 165 1
4 220 C/6032-28 T491C227(1)004AT 8.8 15.0 1.2 303 273 121 1
4 220 D/7343-31 T491D227(1)004AT 8.8 8.0 0.8 433 390 173 1
4 220 W/7343-15 T491W227(1)004AT 8.8 8.0 0.8 474 427 190 1
4 330 D/7343-31 T491D337(1)004AT 13.2 8.0 0.7 463 417 185 1
4 330 V/7343-20 T491V337(1)004AT 13.2 12.0 0.7 423 381 169 1
4 330 C/6032-28 T491C337(1)004AT 13.2 10.0 0.9 350 315 140 1
4 330 X/7343-43 T491X337(1)004AT 13.2 8.0 0.8 454 409 182 1
4 470 X/7343-43 T491X477(1)004AT 18.8 8.0 0.5 574 517 230 1
4 470 D/7343-31 T491D477(1)004AT 18.8 8.0 0.8 433 390 173 1
4 680 X/7343-43 T491X687(1)004AT 27.2 12.0 0.5 574 517 230 1
4 680 D/7343-31 T491D687(1)004AT 27.2 12.0 0.5 548 493 219 1
4 1000 X/7343-43 T491X108(1)004AT 40.0 12.0 0.5 574 517 230 1
4 1000 E/7260-38 T491E108(M)004AT 40.0 15.0 0.2 1000 900 400 1
6.3 2.2 R/2012-12 T491R225(1)006AT 0.1 6.0 25.0 32 29 13 1
6.3 2.2 A/3216-18 T491A225(1)006AT 0.1 6.0 8.0 97 87 39 1
6.3 3.3 A/3216-18 T491A335(1)006AT 0.2 6.0 8.0 97 87 39 1
6.3 4.7 A/3216-18 T491A475(1)006AT 0.3 6.0 6.0 112 101 45 1
6.3 4.7 S/3216-12 T491S475(1)006AT 0.3 6.0 15.0 63 57 25 1
6.3 6.8 B/3528-21 T491B685(1)006AT 0.4 6.0 3.5 156 140 62 1
6.3 6.8 A/3216-18 T491A685(1)006AT 0.4 6.0 6.0 112 101 45 1
6.3 6.8 S/3216-12 T491S685(1)006AT 0.4 6.0 15.0 63 57 25 1
6.3 6.8 R/2012-12 T491R685(1)006AT 0.4 8.0 15.0 41 37 16 1
6.3 10 B/3528-21 T491B106(1)006AT 0.6 6.0 3.5 156 140 62 1
6.3 10 A/3216-18 T491A106(1)006AT 0.6 6.0 4.0 137 123 55 1
6.3 10 T/3528-12 T491T106(1)006AT 0.6 6.0 5.0 118 106 47 1
6.3 10 S/3216-12 T491S106(1)006AT 0.6 10.0 15.0 63 57 25 1
6.3 10 R/2012-12 T491R106(1)006AT 0.6 8.0 10.0 50 45 20 1
6.3 15 C/6032-28 T491C156(1)006AT 0.9 6.0 1.8 247 222 99 1
6.3 15 B/3528-21 T491B156(1)006AT 0.9 6.0 3.5 156 140 62 1
6.3 15 A/3216-18 T491A156(1)006AT 0.9 6.0 3.5 146 131 58 1
6.3 15 T/3528-12 T491T156(1)006AT 0.9 6.0 5.0 118 106 47 1
6.3 15 S/3216-12 T491S156(1)006AT 0.9 15.0 10.0 77 69 31 1
6.3 22 C/6032-28 T491C226(1)006AT 1.4 6.0 1.8 247 222 99 1
6.3 22 U/6032-15 T491U226(1)006AT 1.4 6.0 1.8 224 202 90 1
6.3 22 B/3528-21 T491B226(1)006AT 1.4 6.0 3.5 156 140 62 1
6.3 22 A/3216-18 T491A226(1)006AT 1.4 6.0 4.0 137 123 55 1
6.3 22 T/3528-12 T491T226(1)006AT 1.4 8.0 5.0 118 106 47 1
6.3 33 C/6032-28 T491C336(1)006AT 2.1 6.0 1.8 247 222 99 1
6.3 33 U/6032-15 T491U336(1)006AT 2.1 6.0 1.8 224 202 90 1
6.3 33 B/3528-21 T491B336(1)006AT 2.1 6.0 3.0 168 151 67 1
6.3 33 A/3216-18 T491A336(1)006AT 2.1 12.0 2.5 173 156 69 1
6.3 33 T/3528-12 T491T336(1)006AT 2.1 12.0 6.0 108 97 43 1
6.3 47 D/7343-31 T491D476(1)006AT 3.0 6.0 0.8 433 390 173 1
6.3 47 C/6032-28 T491C476(1)006AT 3.0 6.0 1.6 262 236 105 1
6.3 47 U/6032-15 T491U476(1)006AT 3.0 6.0 1.8 224 202 90 1
6.3 47 V/7343-20 T491V476(1)006AT 3.0 6.0 0.7 423 381 169 1
6.3 47 B/3528-21 T491B476(1)006AT 3.0 6.0 2.0 206 185 82 1
6.3 47 A/3216-18 T491A476(M)006AT 3.0 12.0 3.5 146 131 58 1
6.3 47 T/3528-12 T491T476(1)006AT 3.0 24.0 4.4 126 113 50 1
6.3 68 D/7343-31 T491D686(1)006AT 4.3 6.0 0.8 433 390 173 1
6.3 68 C/6032-28 T491C686(1)006AT 4.3 6.0 1.2 303 273 121 1
6.3 68 U/6032-15 T491U686(1)006AT 4.3 10.0 1.8 224 202 90 1
6.3 68 V/7343-20 T491V686(1)006AT 4.3 6.0 0.7 423 381 169 1
6.3 68 B/3528-21 T491B686(1)006AT 4.3 8.0 0.9 307 276 123 1
6.3 68 A/3216-18 T491A686(1)006AT 4.3 30.0 4.0 137 123 55 1
6.3 100 D/7343-31 T491D107(1)006AT 6.3 8.0 0.8 433 390 173 1
6.3 100 V/7343-20 T491V107(1)006AT 6.3 8.0 0.7 423 381 169 1
6.3 100 C/6032-28 T491C107(1)006AT 6.3 8.0 0.9 350 315 140 1
6.3 100 M/3528-15 T491M107(1)006AT 6.3 20.0 1.0 346 311 138 1
6.3 100 U/6032-15 T491U107(1)006AT 6.3 10.0 1.8 224 202 90 1
6.3 100 B/3528-21 T491B107(1)006AT 6.3 15.0 3.0 168 151 67 1
6.3 150 D/7343-31 T491D157(1)006AT 9.5 8.0 0.7 463 417 185 1
6.3 150 C/6032-28 T491C157(1)006AT 9.5 8.0 1.2 303 273 121 1
6.3 150 V/7343-20 T491V157(1)006AT 9.5 8.0 0.7 423 381 169 1
6.3 150 U/6032-15 T491U157(1)006AT 9.5 8.0 0.6 387 348 155 1
6.3 150 W/7343-15 T491W157(1)006AT 9.5 8.0 0.8 474 427 190 1
6.3 220 X/7343-43 T491X227(1)006AT 13.9 8.0 0.7 486 437 194 1
6.3 220 D/7343-31 T491D227(1)006AT 13.9 8.0 0.7 463 417 185 1
6.3 220 C/6032-28 T491C227(M)006AT 13.9 10.0 1.2 303 273 121 1
6.3 220 V/7343-20 T491V227(1)006AT 13.9 12.0 0.7 423 381 169 1
6.3 220 W/7343-15 T491W227(1)006AT 13.9 8.0 0.8 474 427 190 1
6.3 330 V/7343-20 T491V337(1)006AT 20.8 8.0 0.7 423 381 169 1
6.3 330 X/7343-43 T491X337(1)006AT 20.8 8.0 0.4 642 578 257 1
6.3 330 D/7343-31 T491D337(1)006AT 20.8 8.0 0.4 612 551 245 1
6.3 330 E/7260-38 T491E337(1)006AT 20.8 8.0 0.5 632 569 253 1
6.3 470 X/7343-43 T491X477(1)006AT 29.6 10.0 0.4 642 578 257 1
6.3 470 D/7343-31 T491D477(M)006AT 29.6 12.0 0.4 612 551 245 1
6.3 470 E/7260-38 T491E477(1)006AT 29.6 10.0 0.4 707 636 283 1
6.3 680 X/7343-43 T491X687(1)006AT 42.8 15.0 0.6 524 472 210 1
6.3 680 E/7260-38 T491E687(M)006AT 42.8 12.0 0.5 632 569 253 1
6.3 1000 X/7343-43 T491X108(1)006AT 63.0 15.0 0.6 524 472 210 1
10 1.5 A/3216-18 T491A155(1)010AT 0.2 6.0 8.0 97 87 39 1
10 2.2 B/3528-21 T491B225(1)010AT 0.2 6.0 3.5 156 140 62 1
10 2.2 A/3216-18 T491A225(1)010AT 0.2 6.0 8.0 97 87 39 1
10 3.3 A/3216-18 T491A335(1)010AT 0.3 6.0 6.0 112 101 45 1
10 3.3 S/3216-12 T491S335(1)010AT 0.3 6.0 15.0 63 57 25 1
10 3.3 R/2012-12 T491R335(1)010AT 0.3 8.0 15.0 41 37 16 1
10 4.7 B/3528-21 T491B475(1)010AT 0.5 6.0 3.5 156 140 62 1
10 4.7 A/3216-18 T491A475(1)010AT 0.5 6.0 5.0 122 110 49 1
10 4.7 S/3216-12 T491S475(1)010AT 0.5 6.0 15.0 63 57 25 1
10 4.7 R/2012-12 T491R475(1)010AT 0.5 8.0 10.0 50 45 20 1
10 6.8 B/3528-21 T491B685(1)010AT 0.7 6.0 3.5 156 140 62 1
10 6.8 A/3216-18 T491A685(1)010AT 0.7 6.0 4.0 137 123 55 1
10 6.8 T/3528-12 T491T685(1)010AT 0.7 6.0 5.0 118 106 47 1
10 6.8 S/3216-12 T491S685(1)010AT 0.7 10.0 15.0 63 57 25 1
10 10 C/6032-28 T491C106(1)010AT 1.0 6.0 1.8 247 222 99 1
10 10 B/3528-21 T491B106(1)010AT 1.0 6.0 3.5 156 140 62 1
10 10 A/3216-18 T491A106(1)010AT 1.0 6.0 4.0 137 123 55 1
10 10 T/3528-12 T491T106(1)010AT 1.0 6.0 5.0 118 106 47 1
10 10 S/3216-12 T491S106(1)010AT 1.0 10.0 15.0 63 57 25 1
10 10 R/2012-12 T491R106(1)010AT 1.0 24.0 30.0 29 26 12 1
10 15 C/6032-28 T491C156(1)010AT 1.5 6.0 1.8 247 222 99 1
10 15 U/6032-15 T491U156(1)010AT 1.5 6.0 1.8 224 202 90 1
10 15 B/3528-21 T491B156(1)010AT 1.5 6.0 2.8 174 157 70 1
10 15 A/3216-18 T491A156(1)010AT 1.5 8.0 6.0 112 101 45 1
10 15 T/3528-12 T491T156(1)010AT 1.5 8.0 5.0 118 106 47 1
10 22 C/6032-28 T491C226(1)010AT 2.2 6.0 1.8 247 222 99 1
10 22 U/6032-15 T491U226(1)010AT 2.2 6.0 1.8 224 202 90 1
10 22 B/3528-21 T491B226(1)010AT 2.2 6.0 2.4 188 169 75 1
10 22 A/3216-18 T491A226(M)010AT 2.2 10.0 6.0 112 101 45 1
10 22 T/3528-12 T491T226(1)010AT 2.2 12.0 8.0 94 85 38 1
10 33 D/7343-31 T491D336(1)010AT 3.3 6.0 0.8 433 390 173 1
10 33 V/7343-20 T491V336(1)010AT 3.3 6.0 0.7 423 381 169 1
10 33 C/6032-28 T491C336(1)010AT 3.3 6.0 1.6 262 236 105 1
10 33 U/6032-15 T491U336(1)010AT 3.3 6.0 1.8 224 202 90 1
10 33 B/3528-21 T491B336(1)010AT 3.3 6.0 1.8 217 195 87 1
10 33 T/3528-12 T491T336(1)010AT 3.3 24.0 5.0 118 106 47 1
10 33 A/3216-18 T491A336(1)010AT 3.3 15.0 6.0 112 101 45 1
10 47 D/7343-31 T491D476(1)010AT 4.7 6.0 0.8 433 390 173 1
10 47 V/7343-20 T491V476(1)010AT 4.7 6.0 0.7 423 381 169 1
10 47 C/6032-28 T491C476(1)010AT 4.7 6.0 1.2 303 273 121 1
10 47 U/6032-15 T491U476(1)010AT 4.7 10.0 2.2 202 182 81 1
10 47 B/3528-21 T491B476(1)010AT 4.7 8.0 1.0 292 263 117 1
10 68 D/7343-31 T491D686(1)010AT 6.8 6.0 0.8 433 390 173 1
10 68 V/7343-20 T491V686(1)010AT 6.8 6.0 0.7 423 381 169 1
10 68 C/6032-28 T491C686(1)010AT 6.8 6.0 1.2 303 273 121 1
10 68 W/7343-15 T491W686(1)010AT 6.8 6.0 1.2 387 348 155 1
10 68 U/6032-15 T491U686(1)010AT 6.8 10.0 1.8 224 202 90 1
10 68 B/3528-21 T491B686(M)010AT 6.8 10.0 3.0 168 151 67 1
10 100 D/7343-31 T491D107(1)010AT 10.0 8.0 0.7 463 417 185 1
10 100 U/6032-15 T491U107(1)010AT 10.0 8.0 0.7 359 323 144 1
10 100 W/7343-15 T491W107(1)010AT 10.0 8.0 0.8 474 427 190 1
10 100 C/6032-28 T491C107(1)010AT 10.0 8.0 1.2 303 273 121 1
10 100 V/7343-20 T491V107(1)010AT 10.0 8.0 0.7 423 381 169 1
10 150 X/7343-43 T491X157(1)010AT 15.0 8.0 0.7 486 437 194 1
10 150 D/7343-31 T491D157(1)010AT 15.0 8.0 0.7 463 417 185 1
10 150 C/6032-28 T491C157(1)010AT 15.0 10.0 0.9 350 315 140 1
10 150 V/7343-20 T491V157(1)010AT 15.0 8.0 0.7 423 381 169 1
10 220 X/7343-43 T491X227(1)010AT 22.0 8.0 0.5 574 517 230 1
10 220 D/7343-31 T491D227(1)010AT 22.0 8.0 0.5 548 493 219 1
10 330 D/7343-31 T491D337(M)010AT 33.0 10.0 0.5 548 493 219 1
10 330 X/7343-43 T491X337(1)010AT 33.0 10.0 0.5 574 517 230 1
10 330 E/7260-38 T491E337(1)010AT 33.0 10.0 0.5 632 569 253 1
10 470 X/7343-43 T491X477(M)010AT 47.0 10.0 0.2 908 817 363 1
10 470 E/7260-38 T491E477(M)010AT 47.0 12.0 0.5 632 569 253 1
16 1 A/3216-18 T491A105(1)016AT 0.2 4.0 10.0 87 78 35 1
16 1.5 A/3216-18 T491A155(1)016AT 0.2 6.0 8.0 97 87 39 1
16 2.2 A/3216-18 T491A225(1)016AT 0.4 6.0 6.0 112 101 45 1
16 2.2 S/3216-12 T491S225(1)016AT 0.4 6.0 15.0 63 57 25 1
16 2.2 R/2012-12 T491R225(1)016AT 0.4 8.0 25.0 32 29 13 1
16 3.3 B/3528-21 T491B335(1)016AT 0.5 6.0 3.5 156 140 62 1
16 3.3 A/3216-18 T491A335(1)016AT 0.5 6.0 5.0 122 110 49 1
16 4.7 C/6032-28 T491C475(1)016AT 0.8 6.0 2.4 214 193 86 1
16 4.7 B/3528-21 T491B475(1)016AT 0.8 6.0 3.5 156 140 62 1
16 4.7 A/3216-18 T491A475(1)016AT 0.8 6.0 4.0 137 123 55 1
16 4.7 T/3528-12 T491T475(1)016AT 0.8 6.0 5.0 118 106 47 1
16 6.8 C/6032-28 T491C685(1)016AT 1.1 6.0 1.9 241 217 96 1
16 6.8 B/3528-21 T491B685(1)016AT 1.1 6.0 2.5 184 166 74 1
16 6.8 A/3216-18 T491A685(1)016AT 1.1 6.0 3.5 146 131 58 1
16 10 C/6032-28 T491C106(1)016AT 1.6 6.0 1.8 247 222 99 1
16 10 U/6032-15 T491U106(1)016AT 1.6 6.0 1.8 224 202 90 1
16 10 B/3528-21 T491B106(1)016AT 1.6 6.0 2.8 174 157 70 1
16 10 A/3216-18 T491A106(1)016AT 1.6 8.0 7.0 104 94 42 1
16 10 T/3528-12 T491T106(1)016AT 1.6 8.0 8.0 94 85 38 1
16 15 C/6032-28 T491C156(1)016AT 2.4 6.0 1.8 247 222 99 1
16 15 U/6032-15 T491U156(1)016AT 2.4 6.0 1.8 224 202 90 1
16 15 B/3528-21 T491B156(1)016AT 2.4 6.0 2.5 184 166 74 1
16 15 A/3216-18 T491A156(1)016AT 2.4 8.0 3.5 146 131 58 1
16 22 D/7343-31 T491D226(1)016AT 3.5 6.0 0.8 433 390 173 1
16 22 C/6032-28 T491C226(1)016AT 3.5 6.0 1.6 262 236 105 1
16 22 U/6032-15 T491U226(1)016AT 3.5 10.0 3.0 173 156 69 1
16 22 B/3528-21 T491B226(1)016AT 3.5 6.0 2.2 197 177 79 1
16 33 D/7343-31 T491D336(1)016AT 5.3 6.0 0.8 433 390 173 1
16 33 C/6032-28 T491C336(1)016AT 5.3 6.0 1.2 303 273 121 1
16 33 U/6032-15 T491U336(1)016AT 5.3 12.0 3.0 173 156 69 1
16 33 B/3528-21 T491B336(1)016AT 5.3 8.0 2.1 201 181 80 1
16 47 D/7343-31 T491D476(1)016AT 7.5 6.0 0.8 433 390 173 1
16 47 V/7343-20 T491V476(1)016AT 7.5 6.0 0.7 423 381 169 1
16 47 C/6032-28 T491C476(1)016AT 7.5 6.0 1.2 303 273 121 1
16 68 V/7343-20 T491V686(1)016AT 10.9 6.0 0.7 423 381 169 1
16 68 C/6032-28 T491C686(1)016AT 10.9 6.0 1.2 303 273 121 1
16 68 W/7343-15 T491W686(1)016AT 10.9 6.0 0.8 474 427 190 1
16 68 D/7343-31 T491D686(1)016AT 10.9 6.0 0.7 463 417 185 1
16 68 C/6032-28 T491C686(1)016AT 10.9 12.0 1.2 303 273 121 1
16 100 X/7343-43 T491X107(1)016AT 16.0 8.0 0.7 486 437 194 1
16 100 C/6032-28 T491C107(1)016AT 16.0 10.0 1.0 332 299 133 1
16 100 V/7343-20 T491V107(1)016AT 16.0 12.0 0.7 423 381 169 1
16 100 D/7343-31 T491D107(1)016AT 16.0 8.0 0.7 463 417 185 1
16 150 X/7343-43 T491X157(1)016AT 24.0 8.0 0.5 574 517 230 1
16 150 D/7343-31 T491D157(1)016AT 24.0 12.0 0.7 463 417 185 1
16 220 X/7343-43 T491X227(1)016AT 35.2 10.0 0.5 574 517 230 1
16 220 D/7343-31 T491D227(1)016AT 35.2 15.0 0.9 408 367 163 1
16 220 E/7260-38 T491E227(1)016AT 35.2 7.2 0.9 471 424 188 1
20 0.47 R/2012-12 T491R474(1)020AT 0.1 4.0 35.0 27 24 11 1
20 0.68 A/3216-18 T491A684(1)020AT 0.1 4.0 12.0 79 71 32 1
20 1 A/3216-18 T491A105(1)020AT 0.2 4.0 9.0 91 82 36 1
20 1 S/3216-12 T491S105(1)020AT 0.2 6.0 18.0 58 52 23 1
20 1 R/2012-12 T491R105(1)020AT 0.2 6.0 20.0 35 32 14 1
20 1.5 A/3216-18 T491A155(1)020AT 0.3 6.0 6.5 107 96 43 1
20 1.5 S/3216-12 T491S155(1)020AT 0.3 6.0 15.0 63 57 25 1
20 2.2 B/3528-21 T491B225(1)020AT 0.4 6.0 3.5 156 140 62 1
20 2.2 A/3216-18 T491A225(1)020AT 0.4 0.6 7.0 104 94 42 1
20 2.2 R/2012-12 T491R225(1)020AT 0.4 8.0 8.0 56 50 22 1
20 3.3 B/3528-21 T491B335(1)020AT 0.7 6.0 3.0 168 151 67 1
20 3.3 A/3216-18 T491A335(1)020AT 0.7 6.0 4.5 129 116 52 1
20 3.3 T/3528-12 T491T335(1)020AT 0.7 6.0 5.0 118 106 47 1
20 4.7 C/6032-28 T491C475(1)020AT 0.9 6.0 2.4 214 193 86 1
20 4.7 B/3528-21 T491B475(1)020AT 0.9 6.0 3.0 168 151 67 1
20 4.7 A/3216-18 T491A475(1)020AT 0.9 6.0 4.0 137 123 55 1
20 6.8 C/6032-28 T491C685(1)020AT 1.4 6.0 1.9 241 217 96 1
20 6.8 U/6032-15 T491U685(1)020AT 1.4 6.0 1.9 218 196 87 1
20 6.8 B/3528-21 T491B685(1)020AT 1.4 6.0 2.5 184 166 74 1
20 6.8 A/3216-18 T491A685(M)020AT 1.4 8.0 6.0 112 101 45 1
20 10 C/6032-28 T491C106(1)020AT 2.0 6.0 1.8 247 222 99 1
20 10 U/6032-15 T491U106(1)020AT 2.0 6.0 1.8 224 202 90 1
20 10 B/3528-21 T491B106(1)020AT 2.0 6.0 2.1 201 181 80 1
20 10 A/3216-18 T491A106(M)020AT 2.0 10.0 5.0 122 110 49 1
20 15 D/7343-31 T491D156(1)020AT 3.0 6.0 1.0 387 348 155 1
20 15 B/3528-21 T491B156(1)020AT 3.0 6.0 2.5 184 166 74 1
20 15 C/6032-28 T491C156(1)020AT 3.0 6.0 1.7 254 229 102 1
20 22 D/7343-31 T491D226(1)020AT 4.4 6.0 0.8 433 390 173 1
20 22 V/7343-20 T491V226(1)020AT 4.4 6.0 0.7 423 381 169 1
20 22 C/6032-28 T491C226(1)020AT 4.4 6.0 1.2 303 273 121 1
20 22 B/3528-21 T491B226(1)020AT 4.4 8.0 4.0 146 131 58 1
20 33 D/7343-31 T491D336(1)020AT 6.6 6.0 0.8 433 390 173 1
20 33 C/6032-28 T491C336(M)020AT 6.6 6.0 1.2 303 273 121 1
20 33 V/7343-20 T491V336(1)020AT 6.6 8.0 0.7 423 381 169 1
20 33 B/3528-21 T491B336(M)020AT 6.6 10.0 4.0 146 131 58 1
20 47 C/6032-28 T491C476(M)020AT 9.4 10.0 0.9 350 315 140 1
20 47 X/7343-43 T491X476(1)020AT 9.4 6.0 0.8 454 409 182 1
20 47 D/7343-31 T491D476(1)020AT 9.4 6.0 0.7 463 417 185 1
20 68 X/7343-43 T491X686(1)020AT 13.6 6.0 0.7 486 437 194 1
20 68 D/7343-31 T491D686(1)020AT 13.6 8.0 0.7 463 417 185 1
20 100 X/7343-43 T491X107(1)020AT 20.0 8.0 0.5 574 517 230 1
20 100 D/7343-31 T491D107(1)020AT 20.0 8.0 0.9 408 367 163 1
20 100 E/7260-38 T491E107(1)020AT 20.0 8.0 0.5 632 569 253 1
20 150 X/7343-43 T491X157(1)020AT 30.0 10.0 0.5 574 517 230 1
25 0.33 A/3216-18 T491A334(1)025AT 0.1 4.0 15.0 71 64 28 1
25 0.47 A/3216-18 T491A474(1)025AT 0.1 4.0 14.0 73 66 29 1
25 0.68 A/3216-18 T491A684(1)025AT 0.2 4.0 10.0 87 78 35 1
25 1 B/3528-21 T491B105(1)025AT 0.3 4.0 5.0 130 117 52 1
25 1 A/3216-18 T491A105(1)025AT 0.3 4.0 8.0 97 87 39 1
25 1 S/3216-12 T491S105(1)025AT 0.3 6.0 18.0 58 52 23 1
25 1.5 B/3528-21 T491B155(1)025AT 0.4 6.0 5.0 130 117 52 1
25 1.5 A/3216-18 T491A155(1)025AT 0.4 6.0 7.5 100 90 40 1
25 1.5 R/2012-12 T491R155(1)025AT 0.4 8.0 8.0 56 50 22 1
25 2.2 C/6032-28 T491C225(1)025AT 0.6 6.0 3.5 177 159 71 1
25 2.2 A/3216-18 T491A225(1)025AT 0.6 6.0 7.0 104 94 42 1
25 2.2 B/3528-21 T491B225(1)025AT 0.6 6.0 4.5 137 123 55 1
25 3.3 C/6032-28 T491C335(1)025AT 0.8 6.0 2.5 210 189 84 1
25 3.3 A/3216-18 T491A335(1)025AT 0.8 6.0 7.0 104 94 42 1
25 3.3 B/3528-21 T491B335(1)025AT 0.8 6.0 3.5 156 140 62 1
25 4.7 C/6032-28 T491C475(1)025AT 1.2 6.0 2.4 214 193 86 1
25 4.7 B/3528-21 T491B475(1)025AT 1.2 6.0 1.5 238 214 95 1
25 4.7 A/3216-18 T491A475(M)025AT 1.2 8.0 6.0 112 101 45 1
25 6.8 C/6032-28 T491C685(1)025AT 1.7 6.0 1.9 241 217 96 1
25 6.8 D/7343-31 T491D685(1)025AT 1.7 6.0 1.8 289 260 116 1
25 6.8 B/3528-21 T491B685(1)025AT 1.7 8.0 2.8 174 157 70 1
25 10 D/7343-31 T491D106(1)025AT 2.5 6.0 1.0 387 348 155 1
25 10 C/6032-28 T491C106(1)025AT 2.5 6.0 1.5 271 244 108 1
25 10 B/3528-21 T491B106(1)025AT 2.5 8.0 3.0 168 151 67 1
25 15 D/7343-31 T491D156(1)025AT 3.8 6.0 1.0 387 348 155 1
25 15 V/7343-20 T491V156(1)025AT 3.8 6.0 1.0 354 319 142 1
25 15 C/6032-28 T491C156(1)025AT 3.8 6.0 1.5 271 244 108 1
25 15 B/3528-21 T491B156(1)025AT 3.8 8.0 4.0 146 131 58 1
25 22 D/7343-31 T491D226(1)025AT 5.5 6.0 0.8 433 390 173 1
25 22 C/6032-28 T491C226(1)025AT 5.5 6.0 1.4 280 252 112 1
25 22 V/7343-20 T491V226(1)025AT 5.5 6.0 0.7 423 381 169 1
25 33 X/7343-43 T491X336(1)025AT 8.3 6.0 0.7 486 437 194 1
25 33 D/7343-31 T491D336(1)025AT 8.3 6.0 0.7 463 417 185 1
25 33 C/6032-28 T491C336(1)025AT 8.3 10.0 1.2 303 273 121 1
25 47 X/7343-43 T491X476(1)025AT 11.8 6.0 0.7 486 437 194 1
25 47 D/7343-31 T491D476(1)025AT 11.8 10.0 0.7 463 417 185 1
25 68 X/7343-43 T491X686(M)025AT 17.0 8.0 0.7 486 437 194 1
25 68 D/7343-31 T491D686(M)025AT 17.0 10.0 0.7 463 417 185 1
25 100 X/7343-43 T491X107(1)025AT 25.0 8.0 0.3 742 668 297 1
35 0.1 A/3216-18 T491A104(1)035AT 0.0 4.0 20.0 61 55 24 1
35 0.15 A/3216-18 T491A154(1)035AT 0.1 4.0 19.0 63 57 25 1
35 0.22 A/3216-18 T491A224(1)035AT 0.1 4.0 18.0 65 59 26 1
35 0.33 A/3216-18 T491A334(1)035AT 0.1 4.0 15.0 71 64 28 1
35 0.47 B/3528-21 T491B474(1)035AT 0.2 4.0 8.0 103 93 41 1
35 0.47 A/3216-18 T491A474(1)035AT 0.2 4.0 12.0 79 71 32 1
35 0.68 B/3528-21 T491B684(1)035AT 0.2 4.0 6.5 114 103 46 1
35 0.68 A/3216-18 T491A684(1)035AT 0.2 4.0 8.0 97 87 39 1
35 1 B/3528-21 T491B105(1)035AT 0.4 4.0 5.0 130 117 52 1
35 1 A/3216-18 T491A105(1)035AT 0.4 4.0 7.5 100 90 40 1
35 1.5 C/6032-28 T491C155(1)035AT 0.5 6.0 4.5 156 140 62 1
35 1.5 B/3528-21 T491B155(1)035AT 0.5 6.0 5.0 130 117 52 1
35 2.2 C/6032-28 T491C225(1)035AT 0.8 6.0 3.5 177 159 71 1
35 2.2 A/3216-18 T491A225(1)035AT 0.8 6.0 4.5 129 116 52 1
35 2.2 B/3528-21 T491B225(1)035AT 0.8 6.0 4.0 146 131 58 1
35 3.3 C/6032-28 T491C335(1)035AT 1.2 6.0 2.5 210 189 84 1
35 3.3 B/3528-21 T491B335(1)035AT 1.2 6.0 3.5 156 140 62 1
35 4.7 D/7343-31 T491D475(1)035AT 1.6 6.0 1.5 316 284 126 1
35 4.7 B/3528-21 T491B475(1)035AT 1.6 6.0 3.1 166 149 66 1
35 4.7 C/6032-28 T491C475(1)035AT 1.6 6.0 2.2 224 202 90 1
35 6.8 D/7343-31 T491D685(1)035AT 2.4 6.0 1.3 340 306 136 1
35 6.8 V/7343-20 T491V685(1)035AT 2.4 6.0 1.2 323 291 129 1
35 6.8 C/6032-28 T491C685(1)035AT 2.4 6.0 1.8 247 222 99 1
35 10 D/7343-31 T491D106(1)035AT 3.5 6.0 1.0 387 348 155 1
35 10 C/6032-28 T491C106(M)035AT 3.5 6.0 1.6 262 236 105 1
35 10 V/7343-20 T491V106(1)035AT 3.5 6.0 2.0 250 225 100 1
35 15 X/7343-43 T491X156(1)035AT 5.3 6.0 0.9 428 385 171 1
35 15 C/6032-28 T491C156(1)035AT 5.3 6.0 1.4 280 252 112 1
35 15 D/7343-31 T491D156(1)035AT 5.3 6.0 0.8 433 390 173 1
35 22 X/7343-43 T491X226(1)035AT 7.7 6.0 0.7 486 437 194 1
35 22 D/7343-31 T491D226(1)035AT 7.7 6.0 0.7 463 417 185 1
35 33 X/7343-43 T491X336(1)035AT 11.6 6.0 0.6 524 472 210 1
35 47 X/7343-43 T491X476(1)035AT 16.5 8.0 0.6 524 472 210 1
35 47 E/7260-38 T491E476(1)035AT 16.5 10.0 0.5 632 569 253 1
50 0.1 A/3216-18 T491A104(1)050AT 0.1 4.0 20.0 61 55 24 1
50 0.15 B/3528-21 T491B154(1)050AT 0.1 4.0 16.0 73 66 29 1
50 0.15 A/3216-18 T491A154(1)050AT 0.1 4.0 15.0 71 64 28 1
50 0.22 B/3528-21 T491B224(1)050AT 0.1 4.0 14.0 78 70 31 1
50 0.22 A/3216-18 T491A224(1)050AT 0.1 4.0 18.0 65 59 26 1
50 0.33 B/3528-21 T491B334(1)050AT 0.2 4.0 10.0 92 83 37 1
50 0.47 C/6032-28 T491C474(1)050AT 0.2 4.0 8.0 117 105 47 1
50 0.47 B/3528-21 T491B474(1)050AT 0.2 4.0 9.0 97 87 39 1
50 0.68 C/6032-28 T491C684(1)050AT 0.3 4.0 7.0 125 113 50 1
50 0.68 B/3528-21 T491B684(1)050AT 0.3 4.0 8.0 103 93 41 1
50 1 C/6032-28 T491C105(1)050AT 0.5 4.0 5.5 141 127 56 1
50 1 B/3528-21 T491B105(1)050AT 0.5 6.0 6.0 119 107 48 1
50 1 V/7343-20 T491V105(1)050AT 0.5 4.0 6.0 144 130 58 1
50 1.5 D/7343-31 T491D155(1)050AT 0.8 6.0 3.5 207 186 83 1
50 1.5 C/6032-28 T491C155(1)050AT 0.8 6.0 4.5 156 140 62 1
50 2.2 D/7343-31 T491D225(1)050AT 1.1 6.0 2.5 245 221 98 1
50 2.2 C/6032-28 T491C225(1)050AT 1.1 6.0 3.0 191 172 76 1
50 3.3 C/6032-28 T491C335(1)050AT 1.7 6.0 2.5 210 189 84 1
50 3.3 D/7343-31 T491D335(1)050AT 1.7 6.0 2.0 274 247 110 1
50 4.7 D/7343-31 T491D475(1)050AT 2.4 6.0 1.4 327 294 131 1
50 6.8 X/7343-43 T491X685(1)050AT 3.4 6.0 1.0 406 365 162 1
50 6.8 D/7343-31 T491D685(1)050AT 3.4 6.0 1.0 387 348 155 1
50 10 X/7343-43 T491X106(M)050AT 5.0 6.0 0.7 486 437 194 1
50 10 D/7343-31 T491D106(1)050AT 5.0 6.0 0.8 433 390 173 1
50 15 X/7343-43 T491X156(1)050AT 7.5 8.0 0.7 486 437 194 1
50 22 X/7343-43 T491X226(1)050AT 11.0 10.0 0.6 524 472 210 1
