#http://www.tdk.co.jp/tefe02/e521_mlg.pdf
#
#Tolerance codes:
#+/-.1nH B
#+/-.2nH C
#+/-.3nH S
#+/-3% H
#+/-5% J


**0201
#Inductance
#(nH)
#Inductance
#tolerance
#Q
#min.
#Test frequency
#L, Q (MHz)
#Self-resonant
#frequency
#(GHz)
#DC resistance
#(oh )
#Rated current
#(mA)max.
#Part No.
#min. typ. max. typ.
0.3 +/-0.1nH - 100 10.0 20 0.1 0.02 600 MLG0603S0N3BT
0.4 +/-0.1nH - 100 10.0 20 0.1 0.02 600 MLG0603S0N4BT
0.5 +/-0.1nH - 100 10.0 20 0.1 0.02 600 MLG0603S0N5BT
0.6 +/-0.1nH - 100 10.0 20 0.1 0.02 600 MLG0603S0N6BT
0.7 +/-0.1nH - 100 10.0 16.3 0.1 0.02 600 MLG0603S0N7BT
0.8 +/-0.1nH - 100 10.0 16.1 0.1 0.03 600 MLG0603S0N8BT
0.9 +/-0.1nH - 100 10.0 13.8 0.1 0.03 600 MLG0603S0N9BT
0.3 +/-0.2nH - 100 10.0 20 0.1 0.02 600 MLG0603S0N3CT
0.4 +/-0.2nH - 100 10.0 20 0.1 0.02 600 MLG0603S0N4CT
0.5 +/-0.2nH - 100 10.0 20 0.1 0.02 600 MLG0603S0N5CT
0.6 +/-0.2nH - 100 10.0 20 0.1 0.02 600 MLG0603S0N6CT
0.7 +/-0.2nH - 100 10.0 16.3 0.1 0.02 600 MLG0603S0N7CT
0.8 +/-0.2nH - 100 10.0 16.1 0.1 0.03 600 MLG0603S0N8CT
0.9 +/-0.2nH - 100 10.0 13.8 0.1 0.03 600 MLG0603S0N9CT
1.0 +/-0.1nH 4 100 10.0 14.4 0.1 0.04 600 MLG0603S1N0BT
1.1 +/-0.1nH 4 100 10.0 13.6 0.15 0.04 550 MLG0603S1N1BT
1.2 +/-0.1nH 4 100 10.0 12.3 0.15 0.06 550 MLG0603S1N2BT
1.3 +/-0.1nH 4 100 9.0 11.4 0.15 0.07 550 MLG0603S1N3BT
1.5 +/-0.1nH 4 100 9.0 10.4 0.15 0.07 550 MLG0603S1N5BT
1.6 +/-0.1nH 4 100 9.0 11.5 0.2 0.09 500 MLG0603S1N6BT
1.8 +/-0.1nH 4 100 8.5 10.0 0.2 0.12 500 MLG0603S1N8BT
2.0 +/-0.1nH 4 100 8.2 9.8 0.25 0.14 400 MLG0603S2N0BT
2.2 +/-0.1nH 4 100 8.0 8.9 0.25 0.14 400 MLG0603S2N2BT
2.4 +/-0.1nH 4 100 8.0 9.2 0.25 0.15 300 MLG0603S2N4BT
2.7 +/-0.1nH 4 100 6.5 8.1 0.25 0.15 300 MLG0603S2N7BT
3.0 +/-0.1nH 4 100 6.2 7.8 0.3 0.20 300 MLG0603S3N0BT
3.3 +/-0.1nH 4 100 5.8 7.0 0.35 0.23 300 MLG0603S3N3BT
3.6 +/-0.1nH 4 100 5.5 6.9 0.35 0.22 300 MLG0603S3N6BT
3.9 +/-0.1nH 5 100 5.0 6.6 0.4 0.27 300 MLG0603S3N9BT
1.0 +/-0.2nH 4 100 10.0 14.4 0.1 0.04 600 MLG0603S1N0CT
1.1 +/-0.2nH 4 100 10.0 13.6 0.15 0.04 550 MLG0603S1N1CT
1.2 +/-0.2nH 4 100 10.0 12.3 0.15 0.06 550 MLG0603S1N2CT
1.3 +/-0.2nH 4 100 9.0 11.4 0.15 0.07 550 MLG0603S1N3CT
1.5 +/-0.2nH 4 100 9.0 10.4 0.15 0.07 550 MLG0603S1N5CT
1.6 +/-0.2nH 4 100 9.0 11.5 0.2 0.09 500 MLG0603S1N6CT
1.8 +/-0.2nH 4 100 8.5 10.0 0.2 0.12 500 MLG0603S1N8CT
2.0 +/-0.2nH 4 100 8.2 9.8 0.25 0.14 400 MLG0603S2N0CT
2.2 +/-0.2nH 4 100 8.0 8.9 0.25 0.14 400 MLG0603S2N2CT
2.4 +/-0.2nH 4 100 8.0 9.2 0.25 0.15 300 MLG0603S2N4CT
2.7 +/-0.2nH 4 100 6.5 8.1 0.25 0.15 300 MLG0603S2N7CT
3.0 +/-0.2nH 4 100 6.2 7.8 0.3 0.20 300 MLG0603S3N0CT
3.3 +/-0.2nH 4 100 5.8 7.0 0.35 0.23 300 MLG0603S3N3CT
3.6 +/-0.2nH 4 100 5.5 6.9 0.35 0.22 300 MLG0603S3N6CT
3.9 +/-0.2nH 5 100 5.0 6.6 0.4 0.27 300 MLG0603S3N9CT
1.0 +/-0.3nH 4 100 10.0 14.4 0.1 0.04 600 MLG0603S1N0ST
1.1 +/-0.3nH 4 100 10.0 13.6 0.15 0.04 550 MLG0603S1N1ST
1.2 +/-0.3nH 4 100 10.0 12.3 0.15 0.06 550 MLG0603S1N2ST
1.3 +/-0.3nH 4 100 9.0 11.4 0.15 0.07 550 MLG0603S1N3ST
1.5 +/-0.3nH 4 100 9.0 10.4 0.15 0.07 550 MLG0603S1N5ST
1.6 +/-0.3nH 4 100 9.0 11.5 0.2 0.09 500 MLG0603S1N6ST
1.8 +/-0.3nH 4 100 8.5 10.0 0.2 0.12 500 MLG0603S1N8ST
2.0 +/-0.3nH 4 100 8.2 9.8 0.25 0.14 400 MLG0603S2N0ST
2.2 +/-0.3nH 4 100 8.0 8.9 0.25 0.14 400 MLG0603S2N2ST
2.4 +/-0.3nH 4 100 8.0 9.2 0.25 0.15 300 MLG0603S2N4ST
2.7 +/-0.3nH 4 100 6.5 8.1 0.25 0.15 300 MLG0603S2N7ST
3.0 +/-0.3nH 4 100 6.2 7.8 0.3 0.20 300 MLG0603S3N0ST
3.3 +/-0.3nH 4 100 5.8 7.0 0.35 0.23 300 MLG0603S3N3ST
3.6 +/-0.3nH 4 100 5.5 6.9 0.35 0.22 300 MLG0603S3N6ST
3.9 +/-0.3nH 5 100 5.0 6.6 0.4 0.27 300 MLG0603S3N9ST
4.3 +/-3% 5 100 5.0 6.4 0.4 0.27 300 MLG0603S4N3HT
4.7 +/-3% 5 100 4.5 5.4 0.45 0.28 300 MLG0603S4N7HT
5.1 +/-3% 5 100 4.5 5.5 0.45 0.23 250 MLG0603S5N1HT
5.6 +/-3% 5 100 4.2 5.3 0.5 0.31 250 MLG0603S5N6HT
6.2 +/-3% 5 100 4.2 5.1 0.55 0.32 250 MLG0603S6N2HT
4.3 +/-0.3nH 5 100 5.0 6.4 0.4 0.27 300 MLG0603S4N3ST
4.7 +/-0.3nH 5 100 4.5 5.4 0.45 0.28 300 MLG0603S4N7ST
5.1 +/-0.3nH 5 100 4.5 5.5 0.45 0.23 250 MLG0603S5N1ST
5.6 +/-0.3nH 5 100 4.2 5.3 0.5 0.31 250 MLG0603S5N6ST
6.2 +/-0.3nH 5 100 4.2 5.1 0.55 0.32 250 MLG0603S6N2ST
6.8 +/-3% 5 100 3.6 4.4 0.6 0.32 250 MLG0603S6N8HT
7.5 +/-3% 5 100 4.2 5.3 0.7 0.43 200 MLG0603S7N5HT
8.2 +/-3% 5 100 3.8 4.5 0.7 0.45 200 MLG0603S8N2HT
9.1 +/-3% 5 100 3.4 4.9 0.8 0.51 200 MLG0603S9N1HT
10 +/-3% 5 100 3.2 4.1 0.8 0.53 200 MLG0603S10NHT
11 +/-3% 6 100 3.0 3.7 0.8 0.53 200 MLG0603S11NHT
12 +/-3% 6 100 2.8 3.6 0.9 0.63 180 MLG0603S12NHT
13 +/-3% 6 100 2.7 3.4 0.9 0.60 180 MLG0603S13NHT
15 +/-3% 6 100 2.5 3.3 1.1 0.69 180 MLG0603S15NHT
16 +/-3% 6 100 2.3 3.0 1.1 0.70 180 MLG0603S16NHT
18 +/-3% 6 100 2.2 2.8 1.2 0.78 150 MLG0603S18NHT
20 +/-3% 6 100 2.1 2.6 1.2 0.75 150 MLG0603S20NHT
22 +/-3% 6 100 2.0 2.5 1.2 0.88 150 MLG0603S22NHT
24 +/-3% 6 100 1.9 2.3 1.3 0.90 150 MLG0603S24NHT
27 +/-3% 6 100 1.8 2.2 1.5 1.00 100 MLG0603S27NHT
30 +/-3% 6 100 1.6 2.0 1.6 0.95 100 MLG0603S30NHT
33 +/-3% 6 100 1.6 2.0 1.8 1.20 100 MLG0603S33NHT
36 +/-3% 6 100 1.5 1.8 2.0 1.68 50 MLG0603S36NHT
39 +/-3% 6 100 1.4 1.6 2.0 1.40 50 MLG0603S39NHT
43 +/-3% 6 100 1.3 1.6 2.2 1.91 50 MLG0603S43NHT
47 +/-3% 6 100 1.3 1.5 2.2 1.48 50 MLG0603S47NHT
51 +/-3% 5 100 1.2 1.5 2.8 1.98 50 MLG0603S51NHT
56 +/-3% 5 100 1.2 1.4 3.2 2.11 50 MLG0603S56NHT
62 +/-3% 5 100 1.1 1.3 3.3 2.22 50 MLG0603S62NHT
68 +/-3% 5 100 1.05 1.24 3.5 2.40 50 MLG0603S68NHT
75 +/-3% 5 100 0.95 1.17 3.8 2.67 50 MLG0603S75NHT
82 +/-3% 5 100 0.90 1.08 4.0 2.80 50 MLG0603S82NHT
91 +/-3% 5 100 0.77 0.94 4.3 2.97 50 MLG0603S91NHT
100 +/-3% 5 100 0.77 0.94 4.5 3.13 50 MLG0603SR10HT
110 +/-3% 5 100 0.77 0.94 6.5 5.24 50 MLG0603SR11HT
120 +/-3% 5 100 0.70 0.88 7.0 5.53 50 MLG0603SR12HT
130 +/-3% 5 100 0.67 0.84 7.3 5.68 50 MLG0603SR13HT
150 +/-3% 5 100 0.64 0.77 8.0 6.24 50 MLG0603SR15HT
160 +/-3% 5 100 0.60 0.73 8.3 6.67 50 MLG0603SR16HT
180 +/-3% 5 100 0.56 0.68 8.5 6.99 50 MLG0603SR18HT
6.8 +/-5% 5 100 3.6 4.4 0.6 0.32 250 MLG0603S6N8JT
7.5 +/-5% 5 100 4.2 5.3 0.7 0.43 200 MLG0603S7N5JT
8.2 +/-5% 5 100 3.8 4.5 0.7 0.45 200 MLG0603S8N2JT
9.1 +/-5% 5 100 3.4 4.9 0.8 0.51 200 MLG0603S9N1JT
10 +/-5% 5 100 3.2 4.1 0.8 0.53 200 MLG0603S10NJT
11 +/-5% 6 100 3.0 3.7 0.8 0.53 200 MLG0603S11NJT
12 +/-5% 6 100 2.8 3.6 0.9 0.63 180 MLG0603S12NJT
13 +/-5% 6 100 2.7 3.4 0.9 0.60 180 MLG0603S13NJT
15 +/-5% 6 100 2.5 3.3 1.1 0.69 180 MLG0603S15NJT
16 +/-5% 6 100 2.3 3.0 1.1 0.70 180 MLG0603S16NJT
18 +/-5% 6 100 2.2 2.8 1.2 0.78 150 MLG0603S18NJT
20 +/-5% 6 100 2.1 2.6 1.2 0.75 150 MLG0603S20NJT
22 +/-5% 6 100 2.0 2.5 1.2 0.88 150 MLG0603S22NJT
24 +/-5% 6 100 1.9 2.3 1.3 0.90 150 MLG0603S24NJT
27 +/-5% 6 100 1.8 2.2 1.5 1.00 100 MLG0603S27NJT
30 +/-5% 6 100 1.6 2.0 1.6 0.95 100 MLG0603S30NJT
33 +/-5% 6 100 1.6 2.0 1.8 1.20 100 MLG0603S33NJT
36 +/-5% 6 100 1.5 1.8 2.0 1.68 50 MLG0603S36NJT
39 +/-5% 6 100 1.4 1.6 2.0 1.40 50 MLG0603S39NJT
43 +/-5% 6 100 1.3 1.6 2.2 1.91 50 MLG0603S43NJT
47 +/-5% 6 100 1.3 1.5 2.2 1.48 50 MLG0603S47NJT
51 +/-5% 5 100 1.2 1.5 2.8 1.98 50 MLG0603S51NJT
56 +/-5% 5 100 1.2 1.4 3.2 2.11 50 MLG0603S56NJT
62 +/-5% 5 100 1.1 1.3 3.3 2.22 50 MLG0603S62NJT
68 +/-5% 5 100 1.05 1.24 3.5 2.40 50 MLG0603S68NJT
75 +/-5% 5 100 0.95 1.17 3.8 2.67 50 MLG0603S75NJT
82 +/-5% 5 100 0.90 1.08 4.0 2.80 50 MLG0603S82NJT
91 +/-5% 5 100 0.77 0.94 4.3 2.97 50 MLG0603S91NJT
100 +/-5% 5 100 0.77 0.94 4.5 3.13 50 MLG0603SR10JT
110 +/-5% 5 100 0.77 0.94 6.5 5.24 50 MLG0603SR11JT
120 +/-5% 5 100 0.70 0.88 7.0 5.53 50 MLG0603SR12JT
130 +/-5% 5 100 0.67 0.84 7.3 5.68 50 MLG0603SR13JT
150 +/-5% 5 100 0.64 0.77 8.0 6.24 50 MLG0603SR15JT
160 +/-5% 5 100 0.60 0.73 8.3 6.67 50 MLG0603SR16JT
180 +/-5% 5 100 0.56 0.68 8.5 6.99 50 MLG0603SR18JT


**0402
#Inductance
#(nH)
#Inductance
#tolerance
#Q
#min.
#Test frequency
#L, Q (MHz)
#Self-resonant
#frequency
#(GHz)
#DC resistance
#(oh )
#Rated current
#(mA)max.
#Part No.
#min. typ. max. typ.
0.3 +/-0.1nH - 100 10.0 20up 0.10 0.01 1000 MLG1005S0N3BT
0.4 +/-0.1nH - 100 10.0 20up 0.10 0.01 1000 MLG1005S0N4BT
0.5 +/-0.1nH - 100 10.0 20up 0.10 0.01 1000 MLG1005S0N5BT
0.6 +/-0.1nH - 100 10.0 20up 0.10 0.01 1000 MLG1005S0N6BT
0.7 +/-0.1nH - 100 10.0 18.7 0.10 0.02 1000 MLG1005S0N7BT
0.8 +/-0.1nH - 100 10.0 16.4 0.10 0.02 1000 MLG1005S0N8BT
0.9 +/-0.1nH - 100 10.0 17.7 0.10 0.04 1000 MLG1005S0N9BT
0.3 +/-0.2nH - 100 10.0 20up 0.10 0.01 1000 MLG1005S0N3CT
0.4 +/-0.2nH - 100 10.0 20up 0.10 0.01 1000 MLG1005S0N4CT
0.5 +/-0.2nH - 100 10.0 20up 0.10 0.01 1000 MLG1005S0N5CT
0.6 +/-0.2nH - 100 10.0 20up 0.10 0.01 1000 MLG1005S0N6CT
0.7 +/-0.2nH - 100 10.0 18.7 0.10 0.02 1000 MLG1005S0N7CT
0.8 +/-0.2nH - 100 10.0 16.4 0.10 0.02 1000 MLG1005S0N8CT
0.9 +/-0.2nH - 100 10.0 17.7 0.10 0.04 1000 MLG1005S0N9CT
1.0 +/-0.1nH 7 100 10.0 13.8 0.10 0.04 1000 MLG1005S1N0BT
1.1 +/-0.1nH 7 100 10.0 19.3 0.10 0.03 1000 MLG1005S1N1BT
1.2 +/-0.1nH 7 100 10.0 11.6 0.10 0.04 1000 MLG1005S1N2BT
1.3 +/-0.1nH 7 100 8.00 11.7 0.10 0.04 1000 MLG1005S1N3BT
1.5 +/-0.1nH 7 100 8.00 9.6 0.10 0.06 1000 MLG1005S1N5BT
1.6 +/-0.1nH 7 100 7.50 9.4 0.12 0.05 1000 MLG1005S1N6BT
1.8 +/-0.1nH 7 100 8.00 10.3 0.15 0.06 900 MLG1005S1N8BT
2.0 +/-0.1nH 7 100 7.50 9.3 0.15 0.07 900 MLG1005S2N0BT
2.2 +/-0.1nH 7 100 7.00 8.6 0.15 0.08 900 MLG1005S2N2BT
2.4 +/-0.1nH 7 100 7.00 8.2 0.15 0.08 800 MLG1005S2N4BT
2.7 +/-0.1nH 7 100 6.00 7.3 0.15 0.08 800 MLG1005S2N7BT
3.0 +/-0.1nH 7 100 5.50 6.8 0.20 0.09 800 MLG1005S3N0BT
3.3 +/-0.1nH 8 100 5.00 6.1 0.20 0.09 800 MLG1005S3N3BT
3.6 +/-0.1nH 8 100 5.00 6.7 0.20 0.09 700 MLG1005S3N6BT
3.9 +/-0.1nH 8 100 5.00 6.5 0.20 0.11 700 MLG1005S3N9BT
1.0 +/-0.2nH 7 100 10.0 13.8 0.10 0.04 1000 MLG1005S1N0CT
1.1 +/-0.2nH 7 100 10.0 19.3 0.10 0.03 1000 MLG1005S1N1CT
1.2 +/-0.2nH 7 100 10.0 11.6 0.10 0.04 1000 MLG1005S1N2CT
1.3 +/-0.2nH 7 100 8.00 11.7 0.10 0.04 1000 MLG1005S1N3CT
1.5 +/-0.2nH 7 100 8.00 9.6 0.10 0.06 1000 MLG1005S1N5CT
1.6 +/-0.2nH 7 100 7.50 9.4 0.12 0.05 1000 MLG1005S1N6CT
1.8 +/-0.2nH 7 100 8.00 10.3 0.15 0.06 900 MLG1005S1N8CT
2.0 +/-0.2nH 7 100 7.50 9.3 0.15 0.07 900 MLG1005S2N0CT
2.2 +/-0.2nH 7 100 7.00 8.6 0.15 0.08 900 MLG1005S2N2CT
2.4 +/-0.2nH 7 100 7.00 8.2 0.15 0.08 800 MLG1005S2N4CT
2.7 +/-0.2nH 7 100 6.00 7.3 0.15 0.08 800 MLG1005S2N7CT
3.0 +/-0.2nH 7 100 5.50 6.8 0.20 0.09 800 MLG1005S3N0CT
3.3 +/-0.2nH 8 100 5.00 6.1 0.20 0.09 800 MLG1005S3N3CT
3.6 +/-0.2nH 8 100 5.00 6.7 0.20 0.09 700 MLG1005S3N6CT
3.9 +/-0.2nH 8 100 5.00 6.5 0.20 0.11 700 MLG1005S3N9CT
1.0 +/-0.3nH 7 100 10.0 13.8 0.10 0.04 1000 MLG1005S1N0ST
1.1 +/-0.3nH 7 100 10.0 19.3 0.10 0.03 1000 MLG1005S1N1ST
1.2 +/-0.3nH 7 100 10.0 11.6 0.10 0.04 1000 MLG1005S1N2ST
1.3 +/-0.3nH 7 100 8.00 11.7 0.10 0.04 1000 MLG1005S1N3ST
1.5 +/-0.3nH 7 100 8.00 9.6 0.10 0.06 1000 MLG1005S1N5ST
1.6 +/-0.3nH 7 100 7.50 9.4 0.12 0.05 1000 MLG1005S1N6ST
1.8 +/-0.3nH 7 100 8.00 10.3 0.15 0.06 900 MLG1005S1N8ST
2.0 +/-0.3nH 7 100 7.50 9.3 0.15 0.07 900 MLG1005S2N0ST
2.2 +/-0.3nH 7 100 7.00 8.6 0.15 0.08 900 MLG1005S2N2ST
2.4 +/-0.3nH 7 100 7.00 8.2 0.15 0.08 800 MLG1005S2N4ST
2.7 +/-0.3nH 7 100 6.00 7.3 0.15 0.08 800 MLG1005S2N7ST
3.0 +/-0.3nH 7 100 5.50 6.8 0.20 0.09 800 MLG1005S3N0ST
3.3 +/-0.3nH 8 100 5.00 6.1 0.20 0.09 800 MLG1005S3N3ST
3.6 +/-0.3nH 8 100 5.00 6.7 0.20 0.09 700 MLG1005S3N6ST
3.9 +/-0.3nH 8 100 5.00 6.5 0.20 0.11 700 MLG1005S3N9ST
4.3 +/-0.2nH 8 100 4.50 6.0 0.20 0.11 700 MLG1005S4N3CT
4.7 +/-0.2nH 8 100 4.50 5.4 0.25 0.12 700 MLG1005S4N7CT
5.1 +/-0.2nH 8 100 4.00 5.0 0.25 0.13 600 MLG1005S5N1CT
5.6 +/-0.2nH 8 100 4.00 5.3 0.25 0.14 600 MLG1005S5N6CT
4.3 +/-0.3nH 8 100 4.50 6.0 0.20 0.11 700 MLG1005S4N3ST
4.7 +/-0.3nH 8 100 4.50 5.4 0.25 0.12 700 MLG1005S4N7ST
5.1 +/-0.3nH 8 100 4.00 5.0 0.25 0.13 600 MLG1005S5N1ST
5.6 +/-0.3nH 8 100 4.00 5.3 0.25 0.14 600 MLG1005S5N6ST
6.2 +/-3% 8 100 4.00 4.7 0.25 0.16 600 MLG1005S6N2HT
6.2 +/-0.3nH 8 100 4.00 4.7 0.25 0.16 600 MLG1005S6N2ST
6.8 +/-3% 8 100 3.50 4.4 0.25 0.15 600 MLG1005S6N8HT
7.5 +/-3% 8 100 3.00 4.1 0.25 0.15 500 MLG1005S7N5HT
8.2 +/-3% 8 100 3.00 4.0 0.30 0.19 500 MLG1005S8N2HT
9.1 +/-3% 8 100 3.00 3.8 0.30 0.20 500 MLG1005S9N1HT
10 +/-3% 8 100 2.50 3.4 0.35 0.22 500 MLG1005S10NHT
11 +/-3% 8 100 2.50 3.5 0.40 0.28 400 MLG1005S11NHT
12 +/-3% 8 100 2.50 3.0 0.40 0.25 400 MLG1005S12NHT
13 +/-3% 8 100 2.40 2.9 0.50 0.26 400 MLG1005S13NHT
15 +/-3% 8 100 2.20 2.8 0.55 0.35 400 MLG1005S15NHT
16 +/-3% 8 100 2.10 2.7 0.55 0.32 400 MLG1005S16NHT
18 +/-3% 8 100 2.00 2.5 0.60 0.40 350 MLG1005S18NHT
20 +/-3% 8 100 1.90 2.4 0.60 0.38 350 MLG1005S20NHT
22 +/-3% 8 100 1.70 2.2 0.70 0.46 350 MLG1005S22NHT
24 +/-3% 8 100 1.70 2.1 0.70 0.43 350 MLG1005S24NHT
27 +/-3% 8 100 1.60 2.0 0.80 0.53 300 MLG1005S27NHT
30 +/-3% 8 100 1.50 1.9 0.80 0.50 300 MLG1005S30NHT
33 +/-3% 8 100 1.40 1.8 0.90 0.59 300 MLG1005S33NHT
36 +/-3% 8 100 1.30 1.7 1.00 0.62 250 MLG1005S36NHT
39 +/-3% 8 100 1.20 1.6 1.00 0.65 250 MLG1005S39NHT
43 +/-3% 8 100 1.20 1.6 1.10 0.67 250 MLG1005S43NHT
47 +/-3% 8 100 1.10 1.4 1.20 0.75 250 MLG1005S47NHT
51 +/-3% 8 100 1.10 1.5 1.20 0.72 250 MLG1005S51NHT
56 +/-3% 8 100 1.00 1.3 1.30 0.83 200 MLG1005S56NHT
62 +/-3% 8 100 1.00 1.3 1.40 0.85 200 MLG1005S62NHT
68 +/-3% 8 100 0.80 1.1 1.50 0.87 200 MLG1005S68NHT
75 +/-3% 8 100 0.75 1.1 1.50 0.93 200 MLG1005S75NHT
82 +/-3% 8 100 0.70 1.0 1.60 1.01 200 MLG1005S82NHT
91 +/-3% 8 100 0.70 0.9 1.80 1.14 200 MLG1005S91NHT
100 +/-3% 8 100 0.70 0.9 2.00 1.37 200 MLG1005SR10HT
110 +/-3% 8 100 0.70 0.9 2.20 1.48 150 MLG1005SR11HT
120 +/-3% 8 100 0.60 0.8 2.20 1.48 150 MLG1005SR12HT
130 +/-3% 8 100 0.60 0.8 2.50 1.68 150 MLG1005SR13HT
150 +/-3% 8 100 0.55 0.7 3.50 2.44 150 MLG1005SR15HT
160 +/-3% 8 100 0.50 0.6 3.80 2.74 150 MLG1005SR16HT
180 +/-3% 8 100 0.50 0.6 3.80 2.88 150 MLG1005SR18HT
200 +/-3% 8 100 0.42 0.5 4.20 3.15 100 MLG1005SR20HT
220 +/-3% 8 100 0.45 0.5 4.20 3.02 100 MLG1005SR22HT
240 +/-3% 8 100 0.40 0.5 4.80 3.42 100 MLG1005SR24HT
270 +/-3% 8 100 0.40 0.5 4.80 3.54 100 MLG1005SR27HT
300 +/-3% 6 50 0.35 0.4 6.50 4.82 50 MLG1005SR30HT
330 +/-3% 6 50 0.35 0.4 7.00 5.21 50 MLG1005SR33HT
360 +/-3% 6 50 0.30 0.4 7.50 5.39 50 MLG1005SR36HT
390 +/-3% 6 50 0.30 0.4 8.00 5.97 50 MLG1005SR39HT
6.8 +/-5% 8 100 3.50 4.4 0.25 0.15 600 MLG1005S6N8JT
7.5 +/-5% 8 100 3.00 4.1 0.25 0.15 500 MLG1005S7N5JT
8.2 +/-5% 8 100 3.00 4.0 0.30 0.19 500 MLG1005S8N2JT
9.1 +/-5% 8 100 3.00 3.8 0.30 0.20 500 MLG1005S9N1JT
10 +/-5% 8 100 2.50 3.4 0.35 0.22 500 MLG1005S10NJT
11 +/-5% 8 100 2.50 3.5 0.40 0.28 400 MLG1005S11NJT
12 +/-5% 8 100 2.50 3.0 0.40 0.25 400 MLG1005S12NJT
13 +/-5% 8 100 2.40 2.9 0.50 0.26 400 MLG1005S13NJT
15 +/-5% 8 100 2.20 2.8 0.55 0.35 400 MLG1005S15NJT
16 +/-5% 8 100 2.10 2.7 0.55 0.32 400 MLG1005S16NJT
18 +/-5% 8 100 2.00 2.5 0.60 0.40 350 MLG1005S18NJT
20 +/-5% 8 100 1.90 2.4 0.60 0.38 350 MLG1005S20NJT
22 +/-5% 8 100 1.70 2.2 0.70 0.46 350 MLG1005S22NJT
24 +/-5% 8 100 1.70 2.1 0.70 0.43 350 MLG1005S24NJT
27 +/-5% 8 100 1.60 2.0 0.80 0.53 300 MLG1005S27NJT
30 +/-5% 8 100 1.50 1.9 0.80 0.50 300 MLG1005S30NJT
33 +/-5% 8 100 1.40 1.8 0.90 0.59 300 MLG1005S33NJT
36 +/-5% 8 100 1.30 1.7 1.00 0.62 250 MLG1005S36NJT
39 +/-5% 8 100 1.20 1.6 1.00 0.65 250 MLG1005S39NJT
43 +/-5% 8 100 1.20 1.6 1.10 0.67 250 MLG1005S43NJT
47 +/-5% 8 100 1.10 1.4 1.20 0.75 250 MLG1005S47NJT
51 +/-5% 8 100 1.10 1.5 1.20 0.72 250 MLG1005S51NJT
56 +/-5% 8 100 1.00 1.3 1.30 0.83 200 MLG1005S56NJT
62 +/-5% 8 100 1.00 1.3 1.40 0.85 200 MLG1005S62NJT
68 +/-5% 8 100 0.80 1.1 1.50 0.87 200 MLG1005S68NJT
75 +/-5% 8 100 0.75 1.1 1.50 0.93 200 MLG1005S75NJT
82 +/-5% 8 100 0.70 1.0 1.60 1.01 200 MLG1005S82NJT
91 +/-5% 8 100 0.70 0.9 1.80 1.14 200 MLG1005S91NJT
100 +/-5% 8 100 0.70 0.9 2.00 1.37 200 MLG1005SR10JT
110 +/-5% 8 100 0.70 0.9 2.20 1.48 150 MLG1005SR11JT
120 +/-5% 8 100 0.60 0.8 2.20 1.48 150 MLG1005SR12JT
130 +/-5% 8 100 0.60 0.8 2.50 1.68 150 MLG1005SR13JT
150 +/-5% 8 100 0.55 0.7 3.50 2.44 150 MLG1005SR15JT
160 +/-5% 8 100 0.50 0.6 3.80 2.74 150 MLG1005SR16JT
180 +/-5% 8 100 0.50 0.6 3.80 2.88 150 MLG1005SR18JT
200 +/-5% 8 100 0.42 0.5 4.20 3.15 100 MLG1005SR20JT
220 +/-5% 8 100 0.45 0.5 4.20 3.02 100 MLG1005SR22JT
240 +/-5% 8 100 0.40 0.5 4.80 3.42 100 MLG1005SR24JT
270 +/-5% 8 100 0.40 0.5 4.80 3.54 100 MLG1005SR27JT
300 +/-5% 6 50 0.35 0.4 6.50 4.82 50 MLG1005SR30JT
330 +/-5% 6 50 0.35 0.4 7.00 5.21 50 MLG1005SR33JT
360 +/-5% 6 50 0.30 0.4 7.50 5.39 50 MLG1005SR36JT
390 +/-5% 6 50 0.30 0.4 8.00 5.97 50 MLG1005SR39JT


**0603
#Inductance
#(nH)
#Inductance
#tolerance
#Q
#min.
#Test frequency
#L, Q (MHz)
#Self-resonant
#frequency
#(GHz)
#DC resistance
#(oh )
#Rated current
#(mA)max.
#Part No.
#min. typ. max. typ.
1 +/-0.3nH 8 100 10.0 20up 0.10 0.03 600 MLG1608B1N0ST
1.2 +/-0.3nH 8 100 10.0 20up 0.10 0.04 600 MLG1608B1N2ST
1.5 +/-0.3nH 8 100 10.0 19.6 0.10 0.03 600 MLG1608B1N5ST
1.8 +/-0.3nH 8 100 10.0 16.6 0.10 0.04 600 MLG1608B1N8ST
2.2 +/-0.3nH 10 100 8.0 10.8 0.10 0.05 600 MLG1608B2N2ST
2.7 +/-0.3nH 10 100 7.0 8.8 0.12 0.06 600 MLG1608B2N7ST
3.3 +/-0.3nH 10 100 6.5 8.8 0.12 0.06 600 MLG1608B3N3ST
3.9 +/-0.3nH 10 100 6.0 7.9 0.14 0.06 600 MLG1608B3N9ST
4.7 +/-0.3nH 10 100 5.0 6.8 0.15 0.08 600 MLG1608B4N7ST
5.6 +/-0.5nH 10 100 5.0 6.8 0.16 0.08 600 MLG1608B5N6DT
6.8 +/-0.5nH 10 100 4.5 5.7 0.18 0.10 600 MLG1608B6N8DT
8.2 +/-0.5nH 10 100 4.5 5.6 0.20 0.10 600 MLG1608B8N2DT
10 +/-5% 12 100 3.5 4.5 0.20 0.11 600 MLG1608B10NJT
12 +/-5% 12 100 3.0 3.8 0.25 0.13 600 MLG1608B12NJT
15 +/-5% 12 100 2.8 3.6 0.28 0.14 600 MLG1608B15NJT
18 +/-5% 12 100 2.6 3.3 0.32 0.16 600 MLG1608B18NJT
22 +/-5% 12 100 2.3 3.0 0.35 0.19 500 MLG1608B22NJT
27 +/-5% 12 100 2.0 2.7 0.40 0.21 500 MLG1608B27NJT
33 +/-5% 12 100 1.8 2.3 0.50 0.25 500 MLG1608B33NJT
39 +/-5% 12 100 1.6 2.0 0.55 0.26 400 MLG1608B39NJT
47 +/-5% 14 100 1.4 1.8 0.60 0.35 400 MLG1608B47NJT
56 +/-5% 14 100 1.2 1.8 0.70 0.41 400 MLG1608B56NJT
68 +/-5% 14 100 1.1 1.6 0.75 0.43 300 MLG1608B68NJT
82 +/-5% 14 100 1.0 1.4 0.80 0.50 300 MLG1608B82NJT
100 +/-5% 14 100 0.80 1.2 1.00 0.64 300 MLG1608BR10JT
120 +/-5% 14 100 0.65 0.8 1.20 0.89 300 MLG1608SR12JT
150 +/-5% 14 100 0.55 0.7 1.30 1.03 250 MLG1608SR15JT
180 +/-5% 14 100 0.50 0.6 1.40 1.08 250 MLG1608SR18JT
220 +/-5% 14 100 0.45 0.6 1.70 1.29 200 MLG1608SR22JT
270 +/-5% 14 100 0.35 0.5 2.00 1.59 200 MLG1608SR27JT
330 +/-5% 10 50 0.35 0.47 2.80 1.90 100 MLG1608SR33JT
390 +/-5% 10 50 0.30 0.43 3.00 2.06 100 MLG1608SR39JT
470 +/-5% 10 50 0.25 0.39 3.50 2.47 100 MLG1608SR47JT
560 +/-5% 10 50 0.25 0.36 4.50 3.20 70 MLG1608SR56JT
680 +/-5% 10 50 0.20 0.31 5.50 3.88 70 MLG1608SR68JT
820 +/-5% 10 50 0.15 0.22 5.50 3.76 70 MLG1608SR82JT
1000 +/-5% 10 50 0.13 0.19 5.50 4.27 70 MLG1608S1R0JT

